1 57 82 12 66 -48.887296 -104.256115 -364.768012 
2 24 9 26 50 -62.361940 8.424962 -314.886351 
3 83 85 10 65 0.000000 0.000000 0.000000 
4 83 44 51 13 0.000000 0.000000 0.000000 
5 -14 83 12 65 -12.149212 -107.209993 -322.587935 
6 28 4 77 79 -20.820187 -50.332028 -342.261486 
7 32 69 26 36 -94.900783 -95.069858 -349.242013 
8 28 16 64 3 -77.242365 -27.117944 -320.237366 
9 -40 5 9 75 -66.866034 1.671484 -319.132029 
10 35 29 66 4 -81.796766 -53.595060 -328.309334 
11 -11 35 60 65 -21.735867 -72.567621 -338.433141 
12 -57 45 41 59 -17.660090 -82.033318 -328.117717 
13 38 68 25 62 -96.099237 -91.257695 -360.189994 
14 28 15 11 45 -72.165227 1.859327 -314.750782 
15 83 31 53 21 -84.481557 -51.959833 -327.073831 
16 45 23 46 63 -78.848413 -58.196091 -337.362802 
17 71 85 10 13 0.000000 0.000000 0.000000 
18 -63 24 71 23 -80.030261 -58.491875 -335.380158 
19 57 22 73 32 -107.176969 -39.457763 -353.389494 
20 -55 23 56 43 15.593408 -59.085128 -329.106667 
21 -27 75 20 50 -0.367527 -14.008683 -306.429799 
22 76 26 69 65 0.189240 -68.774457 -340.101881 
23 -22 52 7 5 0.000000 0.000000 0.000000 
24 6 71 24 12 15.471985 -91.668269 -317.902428 
25 12 43 2 31 0.000000 0.000000 0.000000 
26 -61 72 23 48 0.000000 0.000000 0.000000 
27 -61 55 24 59 53.632538 -55.519468 -338.045364 
28 34 68 27 8 -91.906610 -79.558841 -317.659403 
29 -49 83 12 65 0.000000 0.000000 0.000000 
30 7 85 8 40 0.000000 0.000000 0.000000 
31 -71 85 1 70 0.000000 0.000000 0.000000 
32 57 79 8 36 -127.032020 -71.845090 -363.049121 
33 -43 73 22 65 0.000000 0.000000 0.000000 
34 -58 24 14 13 0.000000 0.000000 0.000000 
35 67 53 42 14 -114.298236 4.786953 -335.585529 
36 64 56 32 47 0.000000 0.000000 0.000000 
37 -18 7 22 12 0.466703 -68.448007 -306.999577 
38 -57 22 38 5 38.602075 4.739333 -323.500825 
39 73 85 10 45 50.161446 -87.832744 -342.406484 
40 -29 82 13 11 19.511468 -99.643634 -321.253171 
41 51 36 22 37 -111.000862 -18.690147 -329.292940 
42 -73 12 83 65 19.712211 -50.463182 -333.657657 
43 14 6 22 32 0.000000 0.000000 0.000000 
44 58 2 4 16 0.000000 0.000000 0.000000 
45 27 66 29 41 0.000000 0.000000 0.000000 
46 9 27 68 18 -47.940804 -19.783924 -316.771994 
47 34 17 34 57 -81.121642 4.560554 -313.473308 
48 51 8 84 68 0.000000 0.000000 0.000000 
49 -2 40 41 28 -37.150865 -68.490065 -314.407318 
50 2 46 49 65 -37.675770 -84.371276 -329.965086 
51 26 35 60 48 -71.804929 -92.958524 -571.429733 
52 -27 85 10 50 13.686710 -109.575165 -336.850530 
53 22 53 19 28 -49.940779 -122.350855 -353.774109 
54 -5 21 74 18 0.000000 0.000000 0.000000 
55 -50 16 21 40 24.872647 13.942316 -321.531718 
56 -34 84 11 17 27.533945 -97.803220 -322.648960 
57 73 85 10 11 28.096557 -95.891609 -321.221006 
58 -44 37 54 24 34.995134 -57.914628 -324.390970 
59 19 65 20 11 -38.878724 -26.842659 -301.951966 
60 -37 29 39 46 22.922796 -42.293271 -318.491818 
61 -75 24 71 3 57.699260 -20.504783 -347.410685 
62 78 66 29 53 0.000000 0.000000 0.000000 
63 -48 42 53 50 33.718054 -68.540012 -336.846340 
64 4 21 45 57 -42.587211 -45.278886 -312.723566 
65 32 36 34 89 -76.648053 -35.577096 -336.000824 
66 -84 80 15 65 0.000000 0.000000 0.000000 
67 -73 24 31 62 0.000000 0.000000 0.000000 
68 -66 65 10 59 0.000000 0.000000 0.000000 
69 -1 71 24 65 25.314027 -88.620667 -334.995023 
70 71 31 63 18 0.000000 0.000000 0.000000 
71 -85 67 28 44 0.000000 0.000000 0.000000 
72 73 55 40 65 -48.451097 -109.632467 -359.248675 
73 55 52 17 22 -122.257829 -29.327407 -333.767497 
74 70 3 45 16 0.000000 0.000000 0.000000 
75 87 65 30 43 0.000000 0.000000 0.000000 
76 -80 62 4 7 -111.128305 -72.254689 -343.327199 
77 4 9 74 74 -76.579364 -45.294045 -351.407494 
78 40 14 60 47 -89.442177 -34.456090 -335.805429 
79 86 59 36 41 -102.402204 -83.094785 -352.127533 
80 -12 75 8 12 -112.350599 -72.752838 -337.400727 
81 -59 36 59 65 0.000000 0.000000 0.000000 
82 -80 36 48 38 0.000000 0.000000 0.000000 
83 28 57 27 39 -65.043186 -47.574275 -317.598815 
84 -88 85 10 10 -91.571831 -101.795967 -342.488670 
85 -23 18 45 31 0.000000 0.000000 0.000000 
86 82 83 5 67 -93.526777 28.014007 -333.957743 
87 -42 39 50 71 -74.192110 -43.298931 -334.865293 
88 -15 85 10 64 -9.045135 -113.925522 -344.324697 
89 30 49 46 60 -9.907067 -109.490790 -348.282590 
90 -58 12 83 16 39.012216 -33.117586 -337.243211 
91 -85 51 44 61 0.000000 0.000000 0.000000 
92 -56 34 42 84 0.000000 0.000000 0.000000 
93 -62 77 18 34 0.000000 0.000000 0.000000 
94 -56 39 44 11 40.864197 -36.721428 -333.312325 
95 16 21 35 53 39.774741 -15.060978 -327.856310 
96 -45 27 56 24 34.984464 -43.114937 -322.554431 
97 59 85 10 31 -114.088523 -93.701076 -363.841937 
98 15 10 82 68 -52.185743 -59.753149 -350.730256 
99 58 24 54 3 -97.071992 13.565184 -327.980508 
100 -14 29 15 17 0.000000 0.000000 0.000000 
101 -14 9 54 43 -14.903427 -65.493064 -321.614065 
102 35 63 32 4 -96.221376 -89.761038 -351.996214 
103 -78 29 48 59 -87.449499 -52.468723 -339.052017 
104 -17 74 21 65 0.000000 0.000000 0.000000 
105 6 30 10 55 -43.310975 -20.559756 -307.646877 
106 50 39 9 24 -44.694890 -23.023864 -302.413212 
107 -63 26 40 48 49.293142 -22.464048 -333.213930 
108 -8 79 16 65 -19.793473 -113.279302 -335.859364 
109 25 85 10 61 -75.460007 -110.592210 -358.202289 
110 -38 61 34 7 33.844054 -76.645935 -318.161705 
111 -44 21 61 76 19.146044 -52.029036 -340.205706 
112 -28 71 24 1 0.000000 0.000000 0.000000 
113 18 35 60 1 0.000000 0.000000 0.000000 
114 -7 39 42 70 -20.360283 -70.018300 -327.543177 
115 -32 71 24 4 25.490803 -86.495213 -316.267638 
116 -59 65 30 14 58.370858 -73.347154 -335.745873 
117 -29 55 18 67 14.827298 -77.116982 -323.234408 
118 -47 83 12 65 0.000000 0.000000 0.000000 
119 -56 26 9 52 35.859284 5.973311 -323.910906 
120 33 50 39 58 -87.353886 -79.496864 -347.826654 
121 27 62 33 65 -77.295939 -95.809488 -354.306667 
122 -53 64 22 11 43.462351 -73.717410 -321.903270 
123 19 41 42 60 -67.673270 -72.146747 -403.288916 
124 49 32 60 38 -108.619736 -34.415395 -337.187513 
125 62 75 20 56 0.000000 0.000000 0.000000 
126 15 49 46 24 -62.157561 -91.208674 -413.327298 
127 -33 11 84 59 5.532967 -58.161798 -342.630304 
128 -4 58 37 59 -24.820651 -99.256292 -334.647803 
129 8 65 30 65 -29.058946 -105.594946 -338.992111 
130 -51 10 10 6 0.000000 0.000000 0.000000 
131 -17 41 33 69 -8.296191 -49.829239 -312.594910 
132 23 70 25 65 -73.494616 -45.611854 -321.412653 
133 -56 13 63 9 47.893648 -56.897381 -331.506776 
134 5 48 47 44 46.157229 -65.107554 -337.776404 
135 -19 61 34 47 0.323170 -104.524834 -350.165984 
136 -28 14 53 24 6.506689 -24.412671 -302.423974 
137 -82 68 22 40 40.290407 32.277691 -341.679380 
138 34 33 62 36 -84.397260 -35.533366 -331.368990 
139 33 64 31 2 -98.967658 -78.520882 -336.648387 
140 -31 39 25 18 16.487477 -36.540196 -305.351527 
141 58 39 56 36 0.000000 0.000000 0.000000 
142 49 36 59 65 0.000000 0.000000 0.000000 
143 -22 20 72 68 -7.470385 -65.817759 -341.557870 
144 -31 61 34 65 13.543671 -92.897296 -337.364104 
145 49 16 78 66 0.000000 0.000000 0.000000 
146 3 80 15 14 -44.299888 -108.450965 -330.871357 
147 -54 37 58 65 0.000000 0.000000 0.000000 
148 52 29 49 9 -73.860100 -40.974967 -316.212998 
149 -70 13 62 45 46.513665 -18.467567 -343.706641 
150 -56 45 14 5 63.281050 -19.451898 -334.562072 
151 63 51 44 63 0.000000 0.000000 0.000000 
152 15 74 21 65 -62.299432 -107.591055 -350.690610 
153 -90 78 17 65 0.000000 0.000000 0.000000 
154 5 44 51 21 -41.223112 -83.246844 -325.629368 
155 0 82 13 65 -43.492139 -117.267498 -351.907142 
156 43 53 23 60 -104.592295 -64.425429 -345.519360 
157 -75 57 38 65 0.000000 0.000000 0.000000 
158 71 85 10 53 -49.601163 -120.238467 -485.659032 
159 78 53 2 11 -128.731964 1.618512 -345.874966 
160 66 44 51 19 0.000000 0.000000 0.000000 
161 9 57 3 56 0.000000 0.000000 0.000000 
162 -25 5 45 18 0.000000 0.000000 0.000000 
163 -68 19 14 18 0.000000 0.000000 0.000000 
164 -83 58 26 49 0.000000 0.000000 0.000000 
165 35 45 49 41 -92.336523 -73.829439 -345.644561 
166 -68 45 50 65 0.000000 0.000000 0.000000 
167 -42 19 51 58 23.919490 -39.097801 -326.536759 
168 -15 19 76 8 -14.167913 -56.822318 -319.911346 
169 -71 13 15 56 32.347712 26.115106 -334.961033 
170 13 5 84 66 0.000000 0.000000 0.000000 
171 43 6 78 76 3.639443 -48.238980 -342.799436 
172 88 78 17 47 23.649689 -101.195750 -331.882240 
173 -58 36 13 3 48.011214 -12.426438 -323.538436 
174 79 28 27 30 0.000000 0.000000 0.000000 
175 -6 59 3 76 -35.948465 -79.755254 -323.801035 
176 11 77 18 41 -56.828647 -114.074295 -345.987066 
177 -81 16 60 30 55.460070 -5.619241 -350.242076 
178 72 11 84 49 0.000000 0.000000 0.000000 
179 37 85 10 38 -102.005141 -102.078751 -358.527568 
180 -6 69 26 10 -25.718697 -99.416354 -320.252579 
181 -58 33 6 47 -27.706378 -19.480280 -304.286974 
182 -30 16 19 82 3.811937 -15.024932 -321.147853 
183 32 43 52 10 -93.834551 -64.924770 -333.799282 
184 44 67 28 17 -114.193965 -76.537075 -349.275548 
185 18 27 13 20 0.000000 0.000000 0.000000 
186 71 7 22 5 0.000000 0.000000 0.000000 
187 -11 2 81 18 -102.247249 -5.170421 -349.457161 
188 -74 28 42 10 2.268455 -31.087928 -306.442955 
189 90 30 27 6 54.261177 14.583240 -334.684851 
190 -37 5 46 69 8.792202 -19.654073 -325.552805 
191 24 9 8 70 -57.711230 17.002803 -317.678398 
192 73 49 10 75 0.000000 0.000000 0.000000 
193 -29 27 68 1 -9.046192 -94.486724 -330.865440 
194 -82 61 34 48 0.000000 0.000000 0.000000 
195 42 64 31 26 26.341248 -88.364602 -322.234882 
196 35 51 36 6 -101.410885 -59.265039 -330.125978 
197 51 31 55 67 -82.683391 -61.853483 -348.030802 
198 -72 12 50 44 48.950504 -39.368334 -334.877318 
199 71 72 23 5 0.000000 0.000000 0.000000 
200 -77 8 72 80 32.471336 15.600593 -344.031077 
201 33 12 66 10 -80.423193 -16.281955 -322.000771 
202 -69 58 30 59 -73.387352 0.860932 -320.465183 
203 45 53 42 22 0.000000 0.000000 0.000000 
204 43 85 10 8 -115.943932 -87.727544 -356.340226 
205 -24 34 61 54 0.303422 -76.436672 -333.334300 
206 52 34 19 8 0.000000 0.000000 0.000000 
207 49 19 35 50 -109.804742 -33.795922 -339.646164 
208 -49 58 37 14 -120.587784 -61.587168 -350.811289 
209 51 10 27 22 0.000000 0.000000 0.000000 
210 6 9 37 10 0.000000 0.000000 0.000000 
211 -70 71 24 55 -46.924298 -109.687871 -342.183369 
212 84 39 56 65 -100.370110 -42.631514 -336.734583 
213 -12 59 10 85 -15.647342 -85.019412 -329.263070 
214 -57 24 71 44 37.827812 -50.834777 -341.270617 
215 49 36 25 4 47.777971 -5.341351 -320.480851 
216 31 39 41 55 -85.360786 -64.205689 -337.683319 
217 -80 29 66 63 0.000000 0.000000 0.000000 
218 -68 12 9 1 0.000000 0.000000 0.000000 
219 -14 60 35 48 -10.888887 -99.824231 -331.007294 
220 -71 57 12 13 -8.712554 -91.656273 -317.405863 
221 -73 13 16 18 0.000000 0.000000 0.000000 
222 -33 29 20 23 14.511740 -5.549024 -307.591681 
223 71 64 31 17 -115.386170 10.042584 -335.724709 
224 -52 7 83 64 -6.910316 -56.856588 -343.062095 
225 10 29 15 57 -44.759339 17.317559 -313.507706 
226 88 16 24 36 0.000000 0.000000 0.000000 
227 -77 62 33 65 -38.252320 -102.536229 -342.450750 
228 -18 56 14 35 -40.938278 -85.916946 -317.375979 
229 -61 69 26 32 -39.650692 -107.074808 -331.959704 
230 34 27 48 75 -80.514875 -52.969488 -343.122671 
231 18 31 27 41 -90.240652 -28.863094 -320.182550 
232 -14 33 51 67 -12.567362 -72.563987 -333.567122 
233 -14 39 12 3 -14.264080 -49.202359 -312.944335 
234 -38 29 59 72 -12.711650 -51.348668 -314.546194 
235 79 42 22 69 -107.862763 -36.710833 -342.127781 
236 47 67 28 10 -109.063349 -20.633059 -323.980215 
237 33 42 20 9 -92.723302 -24.093367 -313.537745 
238 59 16 15 60 -93.308732 16.899139 -328.497134 
239 71 47 48 14 0.000000 0.000000 0.000000 
240 82 49 46 4 0.000000 0.000000 0.000000 
241 56 68 11 48 0.000000 0.000000 0.000000 
242 -32 50 36 38 -32.556564 -86.148427 -322.717322 
243 -58 23 2 84 -32.500781 -12.463091 -315.538409 
244 28 84 11 65 -79.744842 -109.095742 -359.607880 
245 53 52 40 24 -114.387392 -88.107734 -371.129882 
246 46 21 6 70 -85.959533 7.972889 -323.347007 
247 31 65 30 38 -90.632734 -94.596921 -348.541849 
248 -20 74 21 65 -83.681089 -102.257834 -360.195683 
249 52 77 18 58 -87.460740 -100.635771 -355.092043 
250 82 40 6 79 0.000000 0.000000 0.000000 
251 24 32 63 21 -115.568444 25.125580 -338.356261 
252 28 55 35 13 -90.421351 -78.087016 -339.146762 
253 -86 38 17 66 52.372448 -25.199161 -335.238715 
254 -23 76 19 52 34.761409 -94.261651 -337.052827 
255 -58 85 10 65 0.000000 0.000000 0.000000 
256 -50 34 8 58 37.423318 -13.794305 -319.941773 
257 -58 5 66 32 36.043016 -14.001349 -332.805985 
258 29 35 57 2 -86.170039 -54.163800 -326.238655 
259 74 73 22 65 0.000000 0.000000 0.000000 
260 -21 56 39 48 0.000000 0.000000 0.000000 
261 -41 23 41 21 27.752470 -19.362651 -314.664259 
262 55 85 3 49 34.851947 -96.938579 -331.988409 
263 -75 73 22 7 73.633337 -49.799542 -347.518079 
264 80 2 62 71 0.000000 0.000000 0.000000 
265 6 80 15 57 -41.485708 -117.480218 -350.198743 
266 -66 20 17 4 0.000000 0.000000 0.000000 
267 -71 56 39 32 51.351233 1.274475 -335.759563 
268 -16 85 10 61 -12.679469 -4.250070 -310.330144 
269 88 70 25 60 0.000000 0.000000 0.000000 
270 -46 27 62 48 -50.628930 -69.876062 -332.601341 
271 -16 55 40 53 -10.897600 -101.266930 -349.813623 
272 9 53 42 8 -49.949807 -90.284586 -326.360922 
273 40 85 10 65 0.000000 0.000000 0.000000 
274 -28 80 15 38 18.362594 -104.650398 -328.692267 
275 -51 12 28 66 19.867347 12.606096 -325.448840 
276 51 63 1 76 0.000000 0.000000 0.000000 
277 76 70 4 35 0.000000 0.000000 0.000000 
278 37 66 21 25 0.000000 0.000000 0.000000 
279 31 43 52 22 -90.867093 -71.515371 -337.900856 
280 -58 75 20 65 0.000000 0.000000 0.000000 
281 -71 17 9 45 32.007390 33.496386 -333.628376 
282 -56 81 9 4 52.654206 -82.298329 -337.566314 
283 10 70 25 17 -30.591007 -102.788516 -323.182254 
284 -29 19 46 82 4.585975 -45.079846 -329.934218 
285 23 10 36 5 1.962646 -23.221492 -325.413639 
286 0 39 56 65 -33.843097 -42.656920 -325.870804 
287 -3 81 13 36 -28.092088 -111.994264 -329.811293 
288 77 83 12 56 0.000000 0.000000 0.000000 
289 -28 85 10 65 -31.320075 -119.065028 -352.602732 
290 27 75 20 65 -78.820245 -105.517668 -358.846428 
291 61 30 50 80 -71.140319 -61.405457 -344.909726 
292 9 30 56 33 -71.120323 -61.366398 -344.867025 
293 46 38 45 63 -99.933028 -56.958076 -351.397089 
294 86 30 65 65 0.000000 0.000000 0.000000 
295 82 3 33 60 0.000000 0.000000 0.000000 
296 -40 21 65 57 -28.956674 -61.370256 -312.321748 
297 16 60 5 32 0.000000 0.000000 0.000000 
298 -9 22 65 73 -59.310729 -63.403485 -337.883835 
299 -40 66 13 76 16.739909 -11.467631 -320.343513 
300 -65 53 33 73 19.991227 -32.413457 -324.493677 
301 1 45 50 32 29.720170 -71.489298 -325.814314 
302 -9 85 4 71 0.000000 0.000000 0.000000 
303 -56 61 34 61 0.000000 0.000000 0.000000 
304 -25 56 39 2 57.463771 -58.454098 -326.671149 
305 -75 85 10 21 0.000000 0.000000 0.000000 
306 -17 11 25 24 0.000000 0.000000 0.000000 
307 -30 14 32 11 7.525455 3.991178 -323.093826 
308 70 9 84 36 -98.563425 -31.310339 -354.762580 
309 -82 31 64 65 0.000000 0.000000 0.000000 
310 8 62 33 5 -48.424502 -25.943443 -299.713553 
311 -36 5 18 65 0.000000 0.000000 0.000000 
312 40 80 15 7 0.000000 0.000000 0.000000 
313 77 73 22 49 0.000000 0.000000 0.000000 
314 88 65 30 39 0.000000 0.000000 0.000000 
315 -5 51 25 68 -37.447823 -78.887687 -322.715085 
316 1 59 28 13 -37.318924 -85.593250 -316.029578 
317 -4 33 62 65 -29.500673 -79.391377 -340.032795 
318 31 13 2 51 0.000000 0.000000 0.000000 
319 -36 85 10 26 30.469300 -100.815414 -327.091961 
320 54 81 14 65 -58.846438 -114.746825 -354.377544 
321 80 50 45 52 0.000000 0.000000 0.000000 
322 -86 41 54 47 -20.642068 -81.122672 -314.018332 
323 -23 85 10 65 0.000000 0.000000 0.000000 
324 -23 54 41 65 13.552733 -87.509417 -337.627535 
325 30 19 59 7 -81.643223 -28.077888 -320.130459 
326 -17 61 34 65 -81.101550 -94.197285 -356.014271 
327 -3 69 26 65 -27.808455 -99.249715 -334.420650 
328 88 78 17 41 0.000000 0.000000 0.000000 
329 -46 71 24 65 0.000000 0.000000 0.000000 
330 11 54 14 81 -56.111949 -79.453285 -333.094365 
331 -9 19 76 65 0.000000 0.000000 0.000000 
332 69 26 61 60 0.000000 0.000000 0.000000 
333 -68 37 25 65 36.138309 -42.924491 -324.401639 
334 -39 81 14 36 26.089760 -36.635702 -317.363959 
335 0 63 32 55 -30.725068 -104.176195 -335.601955 
336 14 30 42 65 -51.666936 -104.570422 -352.623432 
337 70 65 2 61 0.000000 0.000000 0.000000 
338 -11 40 11 74 -11.487798 -92.837070 -327.687561 
339 -32 23 31 34 -17.984258 -40.970456 -319.617875 
340 8 51 36 36 -54.445958 -91.276427 -342.634751 
341 3 60 35 65 -40.288966 -101.138376 -342.338137 
342 -18 75 13 6 -43.449636 -95.747086 -319.316696 
343 -75 15 30 28 43.421065 24.135572 -337.028671 
344 -88 49 9 14 71.850280 2.443970 -350.039463 
345 24 78 17 52 -79.890102 -64.668535 -325.440493 
346 90 50 45 30 -79.170686 -84.591918 -337.302428 
347 -13 45 7 80 -74.997140 -52.696820 -326.876463 
348 -79 40 55 36 0.000000 0.000000 0.000000 
349 21 74 21 65 0.000000 0.000000 0.000000 
350 -56 24 71 54 0.000000 0.000000 0.000000 
351 1 56 39 48 -40.765357 -99.355367 -337.593171 
352 -54 41 39 80 0.000000 0.000000 0.000000 
353 22 63 32 32 50.693387 -74.716556 -333.649980 
354 3 51 15 51 -44.941091 -73.453996 -320.309988 
355 35 39 56 65 0.000000 0.000000 0.000000 
356 -25 41 35 70 5.765892 -69.910982 -326.728789 
357 42 39 56 65 2.320933 -81.180393 -338.109746 
358 51 64 10 36 -123.018162 -55.915948 -346.864879 
359 16 42 5 21 -64.864661 -18.867328 -304.248581 
360 60 2 78 8 -98.655537 -4.470264 -338.835276 
361 31 46 20 52 -92.252481 -56.121378 -329.037698 
362 -68 61 34 6 55.190965 -35.611722 -322.340515 
363 -80 14 2 40 50.485536 -15.879404 -320.444130 
364 60 56 39 65 0.000000 0.000000 0.000000 
365 -73 82 10 47 -54.248871 -117.177881 -349.566120 
366 -65 51 1 70 58.400050 -29.377924 -336.717407 
367 63 83 12 46 0.000000 0.000000 0.000000 
368 -41 10 46 53 16.965918 -24.799791 -328.097045 
369 48 8 60 47 -94.245529 -19.606245 -338.796495 
370 -60 85 10 40 16.646804 -107.438929 -328.317470 
371 80 60 35 65 10.188955 -94.509414 -338.302748 
372 6 50 45 34 -46.917111 -92.339960 -330.592990 
373 -47 53 42 37 39.424290 -75.863672 -333.068324 
374 -70 40 28 37 41.872313 -40.280172 -318.383753 
375 60 37 36 33 -119.937760 -27.589977 -343.760276 
376 -65 24 8 39 -0.254312 5.961187 -308.587721 
377 -44 27 39 11 33.072262 -17.116187 -314.664271 
378 -1 64 22 71 -32.339455 -100.278219 -337.434657 
379 -77 36 1 20 49.602794 31.221023 -338.902987 
380 -90 18 13 25 0.000000 0.000000 0.000000 
381 -59 13 54 82 30.079336 -29.102357 -343.398628 
382 80 20 44 34 -89.853997 -23.930885 -334.007200 
383 4 24 7 40 0.000000 0.000000 0.000000 
384 -59 3 86 39 31.605253 -33.633910 -343.807713 
385 84 69 1 62 0.000000 0.000000 0.000000 
386 37 59 36 20 -102.371005 -80.619641 -343.869418 
387 49 21 34 81 -93.908173 -24.813207 -341.158796 
388 65 37 29 55 0.000000 0.000000 0.000000 
389 74 82 13 30 0.000000 0.000000 0.000000 
390 64 40 55 3 -122.531803 -33.934671 -350.270039 
391 6 65 17 31 -47.394036 -88.358694 -304.764304 
392 -57 29 37 50 45.101333 -30.126616 -328.867801 
393 -82 50 25 22 62.653987 2.799517 -344.840055 
394 -46 14 81 65 16.990481 -54.351069 -347.090716 
395 58 66 16 33 0.000000 0.000000 0.000000 
396 -56 1 29 63 18.342896 17.654170 -330.654152 
397 23 49 40 26 0.000000 0.000000 0.000000 
398 0 69 26 52 -74.331940 -104.532079 -349.543343 
399 45 59 12 46 -113.033357 -59.027001 -340.112321 
400 -28 9 14 18 0.000000 0.000000 0.000000 
401 31 39 56 24 -78.456280 -73.447165 -334.316546 
402 -89 48 26 86 0.000000 0.000000 0.000000 
403 74 36 3 61 -100.645742 -39.040657 -327.302937 
404 61 85 6 41 0.000000 0.000000 0.000000 
405 15 62 33 59 -57.973414 -97.410237 -330.604243 
406 41 34 53 11 0.000000 0.000000 0.000000 
407 -80 85 10 54 -96.224856 -16.675442 -321.287648 
408 84 17 18 31 0.000000 0.000000 0.000000 
